44
3
23
9
13
44
3
13
22
11
44
3
20
13
11
44
3
23
11
13
44
3
8
23
13
44
3
11
23
13
44
3
13
23
11
44
3
13
23
11
44
3
23
11
13
44
3
13
23
11
44
3
11
23
13
44
3
13
11
23
44
3
11
13
23
42
3
23
13
11
44
3
11
13
23
44
3
11
13
23
44
3
23
11
13
44
3
11
23
13
44
3
23
11
13
44
3
13
11
23
44
3
13
23
10
44
3
13
11
23
44
3
23
11
13
44
3
13
23
11
44
3
11
13
23
44
3
23
13
11
44
3
13
11
23
44
3
13
23
11
44
3
13
11
23
44
3
13
11
23
44
3
23
13
11
44
3
13
23
11
44
3
13
23
11
44
3
13
11
23
44
3
23
11
13
44
3
13
23
11
44
3
23
11
13
44
3
13
23
11
44
3
13
23
11
44
3
23
10
13
44
3
23
11
13
44
3
11
23
13
44
3
23
11
13
44
3
11
22
13
44
3
13
23
11
44
3
23
13
11
40
3
13
23
11
44
3
11
13
23
44
3
11
23
13
44
3
11
13
23
